total_max_width: 10.00000
real_total_max_width: 0.75030

