total_max_width: 11.00000
real_total_max_width: 0.82533

