[1]
length: 22.65685
real_length: 1.69994
max_width: 0.00000
real_max_width: 0.00000
average_width: 0.00000
real_average_width: 0.00000
[2]
length: 109.25483
real_length: 8.19739
max_width: 0.00000
real_max_width: 0.00000
average_width: 0.00000
real_average_width: 0.00000
[3]
length: 29.79899
real_length: 2.23582
max_width: 0.00000
real_max_width: 0.00000
average_width: 0.00000
real_average_width: 0.00000

total_length: 161.71068
real_total_length: 12.13316
total_max_width: 0.00000
real_total_max_width: 0.00000
total_average_width: 0.00000
real_total_average_width: 0.00000

